q.weight
tensor([-0.2582, -0.0138, -0.4097, -0.6467, -0.2800, -0.0862, -0.8157,  0.8303,
        -1.0863, -0.1807,  0.3949, -0.2046,  0.0917,  0.2399,  0.4218, -0.0446,
         0.0271, -0.3926])

head.weight
tensor([[-0.1844]])

head.bias
tensor([0.2021])

q.weight
tensor([ 0.1352,  0.7468, -0.9394,  0.1928, -1.0620,  0.3568, -0.7580,  0.4103,
        -0.8385, -0.4812, -0.3342, -0.2672, -0.8299, -0.9860, -0.6483, -0.3164,
         0.4887, -0.3726])

head.weight
tensor([[0.3861]])

head.bias
tensor([-0.4118])
