q.weight
tensor([-0.0278,  0.5805, -0.0250, -0.8745, -0.3843, -0.8448,  0.1502,  0.1234,
        -0.0090, -0.8322, -0.0837,  0.8424, -0.1121,  0.6449,  0.5712, -0.8542,
        -0.8517, -0.1751])

head.weight
tensor([[0.8032]])

head.bias
tensor([-0.3156])

q.weight
tensor([-0.8661, -0.7050, -0.8626, -0.2675,  0.3043,  0.8662, -0.1759, -0.6120,
         0.5089,  0.1406,  0.8944,  0.1867, -0.8047,  0.1662,  0.8076, -0.7162,
         0.4557, -0.4831])

head.weight
tensor([[-0.0037]])

head.bias
tensor([-0.3272])